======================== DREAM_ZS diagnostics file ========================

TABLE 3: DREAM_ZS SINGLE CHAIN CONVERGENCE DIAGNOSTICS
---------------------------------------------------------------------------
 CHAIN 1 USING 4001 SAMPLES

A. AUTOCORRELATION 
Variable      Lag 1      Lag 5     Lag 10     Lag 25 
1             0.988      0.942      0.888      0.756 
2             0.990      0.950      0.903      0.773 
3             0.989      0.948      0.899      0.765 
4             0.987      0.940      0.882      0.749 
5             0.986      0.934      0.875      0.718 
6             0.989      0.946      0.900      0.780 
7             0.988      0.943      0.890      0.737 
8             0.990      0.953      0.908      0.788 

B. RAFTERY-LEWIS DIAGNOSTIC (q = 0.03, r = 0.01, s = 0.95)
Variable       Thin       Burn          N       Nmin     I-stat 
1                 1        559     256311        937    273.544 
2                 1        559     256311        937    273.544 
3                 1        559     256311        937    273.544 
4                 1        559     256311        937    273.544 
5                 1        559     256311        937    273.544 
6                 1        559     256311        937    273.544 
7                 1        559     256311        937    273.544 
8                 1        559     256311        937    273.544 

C. GEWEKE DIAGNOSTIC
Variable       Mean    std dev    NSE iid    RNE iid 
1             2.299      0.094      0.001      1.000 
2            46.914      7.931      0.125      1.000 
3           141.871     14.335      0.227      1.000 
4            90.239      5.327      0.084      1.000 
5             5.187      1.100      0.017      1.000 
6             3.107      0.624      0.010      1.000 
7             6.940      0.342      0.005      1.000 
8            61.114      1.009      0.016      1.000 

Variable     NSE 4%     RNE 4%     NSE 8%     RNE 8%    NSE 15%    RNE 15% 
1             0.015      0.010      0.014      0.011      0.011      0.018 
2             1.313      0.009      1.114      0.013      1.015      0.015 
3             3.139      0.005      3.211      0.005      3.205      0.005 
4             0.990      0.007      0.891      0.009      0.908      0.009 
5             0.139      0.016      0.128      0.019      0.085      0.042 
6             0.119      0.007      0.137      0.005      0.127      0.006 
7             0.069      0.006      0.068      0.006      0.069      0.006 
8             0.229      0.005      0.221      0.005      0.215      0.006 

---------------------------------------------------------------------------
 CHAIN 2 USING 4001 SAMPLES

A. AUTOCORRELATION 
Variable      Lag 1      Lag 5     Lag 10     Lag 25 
1             0.991      0.958      0.920      0.819 
2             0.993      0.965      0.927      0.815 
3             0.985      0.927      0.863      0.711 
4             0.983      0.922      0.855      0.686 
5             0.988      0.944      0.890      0.766 
6             0.985      0.932      0.873      0.706 
7             0.985      0.929      0.864      0.715 
8             0.981      0.905      0.823      0.616 

B. RAFTERY-LEWIS DIAGNOSTIC (q = 0.03, r = 0.01, s = 0.95)
Variable       Thin       Burn          N       Nmin     I-stat 
1                 1       1324     719343        937    767.709 
2                 1       1324     719343        937    767.709 
3                 1       1324     719343        937    767.709 
4                 1       1324     719343        937    767.709 
5                 1       1324     719343        937    767.709 
6                 1       1324     719343        937    767.709 
7                 1       1324     719343        937    767.709 
8                 1       1324     719343        937    767.709 

C. GEWEKE DIAGNOSTIC
Variable       Mean    std dev    NSE iid    RNE iid 
1             2.300      0.100      0.002      1.000 
2            47.640      8.566      0.135      1.000 
3           141.488     13.069      0.207      1.000 
4            91.124      5.112      0.081      1.000 
5             5.465      1.010      0.016      1.000 
6             3.053      0.427      0.007      1.000 
7             6.895      0.306      0.005      1.000 
8            61.008      0.754      0.012      1.000 

Variable     NSE 4%     RNE 4%     NSE 8%     RNE 8%    NSE 15%    RNE 15% 
1             0.025      0.004      0.026      0.004      0.021      0.006 
2             2.218      0.004      2.504      0.003      2.120      0.004 
3             1.571      0.017      1.478      0.020      1.110      0.035 
4             0.818      0.010      0.956      0.007      0.920      0.008 
5             0.232      0.005      0.262      0.004      0.218      0.005 
6             0.053      0.016      0.051      0.018      0.042      0.026 
7             0.051      0.009      0.051      0.009      0.046      0.011 
8             0.126      0.009      0.106      0.013      0.082      0.021 

---------------------------------------------------------------------------
 CHAIN 3 USING 4001 SAMPLES

A. AUTOCORRELATION 
Variable      Lag 1      Lag 5     Lag 10     Lag 25 
1             0.995      0.976      0.953      0.889 
2             0.995      0.975      0.949      0.868 
3             0.986      0.934      0.867      0.680 
4             0.986      0.931      0.867      0.703 
5             0.985      0.931      0.870      0.688 
6             0.990      0.954      0.911      0.793 
7             0.980      0.909      0.826      0.616 
8             0.987      0.939      0.875      0.702 

B. RAFTERY-LEWIS DIAGNOSTIC (q = 0.03, r = 0.01, s = 0.95)
Variable       Thin       Burn          N       Nmin     I-stat 
1                 1        352     101625        937    108.458 
2                 1        352     101625        937    108.458 
3                 1        352     101625        937    108.458 
4                 1        352     101625        937    108.458 
5                 1        352     101625        937    108.458 
6                 1        352     101625        937    108.458 
7                 1        352     101625        937    108.458 
8                 1        352     101625        937    108.458 

C. GEWEKE DIAGNOSTIC
Variable       Mean    std dev    NSE iid    RNE iid 
1             2.316      0.109      0.002      1.000 
2            48.224      8.338      0.132      1.000 
3           141.241     11.492      0.182      1.000 
4            89.839      4.019      0.064      1.000 
5             5.826      0.863      0.014      1.000 
6             3.084      0.552      0.009      1.000 
7             6.874      0.247      0.004      1.000 
8            61.143      0.659      0.010      1.000 

Variable     NSE 4%     RNE 4%     NSE 8%     RNE 8%    NSE 15%    RNE 15% 
1             0.032      0.003      0.035      0.002      0.029      0.003 
2             2.333      0.003      2.467      0.003      2.165      0.004 
3             1.678      0.012      1.502      0.015      1.171      0.024 
4             0.711      0.008      0.632      0.010      0.624      0.010 
5             0.151      0.008      0.149      0.008      0.115      0.014 
6             0.132      0.004      0.125      0.005      0.085      0.010 
7             0.040      0.010      0.035      0.012      0.025      0.025 
8             0.099      0.011      0.085      0.015      0.072      0.021 

---------------------------------------------------------------------------
 CHAIN 4 USING 4001 SAMPLES

A. AUTOCORRELATION 
Variable      Lag 1      Lag 5     Lag 10     Lag 25 
1             0.995      0.975      0.950      0.879 
2             0.994      0.974      0.948      0.875 
3             0.988      0.941      0.885      0.742 
4             0.979      0.900      0.807      0.587 
5             0.987      0.938      0.874      0.715 
6             0.992      0.960      0.921      0.822 
7             0.985      0.930      0.855      0.654 
8             0.984      0.927      0.862      0.722 

B. RAFTERY-LEWIS DIAGNOSTIC (q = 0.03, r = 0.01, s = 0.95)
Variable       Thin       Burn          N       Nmin     I-stat 
1                 1        362     107311        937    114.526 
2                 1        362     107311        937    114.526 
3                 1        362     107311        937    114.526 
4                 1        362     107311        937    114.526 
5                 1        362     107311        937    114.526 
6                 1        362     107311        937    114.526 
7                 1        362     107311        937    114.526 
8                 1        362     107311        937    114.526 

C. GEWEKE DIAGNOSTIC
Variable       Mean    std dev    NSE iid    RNE iid 
1             2.294      0.112      0.002      1.000 
2            47.059      8.842      0.140      1.000 
3           141.907     13.392      0.212      1.000 
4            90.517      4.029      0.064      1.000 
5             5.508      0.968      0.015      1.000 
6             3.065      0.541      0.009      1.000 
7             6.887      0.269      0.004      1.000 
8            61.082      0.731      0.012      1.000 

Variable     NSE 4%     RNE 4%     NSE 8%     RNE 8%    NSE 15%    RNE 15% 
1             0.027      0.004      0.021      0.007      0.014      0.015 
2             2.202      0.004      1.759      0.006      1.424      0.010 
3             2.043      0.011      1.714      0.015      1.669      0.016 
4             0.714      0.008      0.699      0.008      0.708      0.008 
5             0.164      0.009      0.171      0.008      0.156      0.010 
6             0.103      0.007      0.068      0.016      0.057      0.023 
7             0.047      0.008      0.051      0.007      0.053      0.007 
8             0.106      0.012      0.081      0.020      0.066      0.031 

---------------------------------------------------------------------------
 CHAIN 5 USING 4001 SAMPLES

A. AUTOCORRELATION 
Variable      Lag 1      Lag 5     Lag 10     Lag 25 
1             0.994      0.972      0.946      0.870 
2             0.994      0.975      0.950      0.876 
3             0.989      0.946      0.889      0.738 
4             0.987      0.940      0.893      0.783 
5             0.991      0.960      0.924      0.836 
6             0.987      0.937      0.880      0.766 
7             0.983      0.919      0.852      0.684 
8             0.990      0.948      0.904      0.775 

B. RAFTERY-LEWIS DIAGNOSTIC (q = 0.03, r = 0.01, s = 0.95)
Variable       Thin       Burn          N       Nmin     I-stat 
1                 1        221      80675        937     86.099 
2                 1        221      80675        937     86.099 
3                 1        221      80675        937     86.099 
4                 1        221      80675        937     86.099 
5                 1        221      80675        937     86.099 
6                 1        221      80675        937     86.099 
7                 1        221      80675        937     86.099 
8                 1        221      80675        937     86.099 

C. GEWEKE DIAGNOSTIC
Variable       Mean    std dev    NSE iid    RNE iid 
1             2.308      0.113      0.002      1.000 
2            48.943      8.716      0.138      1.000 
3           139.340     14.393      0.228      1.000 
4            91.829      4.971      0.079      1.000 
5             5.447      1.186      0.019      1.000 
6             2.942      0.483      0.008      1.000 
7             6.916      0.276      0.004      1.000 
8            60.895      0.856      0.014      1.000 

Variable     NSE 4%     RNE 4%     NSE 8%     RNE 8%    NSE 15%    RNE 15% 
1             0.026      0.005      0.026      0.005      0.025      0.005 
2             2.121      0.004      2.209      0.004      2.142      0.004 
3             1.409      0.026      1.110      0.042      0.840      0.073 
4             0.784      0.010      0.865      0.008      0.829      0.009 
5             0.211      0.008      0.124      0.023      0.107      0.031 
6             0.096      0.006      0.111      0.005      0.105      0.005 
7             0.034      0.016      0.021      0.041      0.018      0.061 
8             0.142      0.009      0.103      0.017      0.089      0.023 

---------------------------------------------------------------------------
 CHAIN 6 USING 4001 SAMPLES

A. AUTOCORRELATION 
Variable      Lag 1      Lag 5     Lag 10     Lag 25 
1             0.989      0.950      0.900      0.769 
2             0.990      0.954      0.911      0.802 
3             0.985      0.931      0.867      0.721 
4             0.987      0.934      0.872      0.717 
5             0.992      0.962      0.928      0.839 
6             0.988      0.942      0.895      0.782 
7             0.987      0.937      0.881      0.741 
8             0.988      0.942      0.891      0.751 

B. RAFTERY-LEWIS DIAGNOSTIC (q = 0.03, r = 0.01, s = 0.95)
Variable       Thin       Burn          N       Nmin     I-stat 
1                 1        401     198030        937    211.345 
2                 1        401     198030        937    211.345 
3                 1        401     198030        937    211.345 
4                 1        401     198030        937    211.345 
5                 1        401     198030        937    211.345 
6                 1        401     198030        937    211.345 
7                 1        401     198030        937    211.345 
8                 1        401     198030        937    211.345 

C. GEWEKE DIAGNOSTIC
Variable       Mean    std dev    NSE iid    RNE iid 
1             2.346      0.079      0.001      1.000 
2            51.166      6.671      0.105      1.000 
3           139.842     12.626      0.200      1.000 
4            91.357      4.513      0.071      1.000 
5             5.230      1.387      0.022      1.000 
6             3.190      0.527      0.008      1.000 
7             6.946      0.322      0.005      1.000 
8            60.979      0.736      0.012      1.000 

Variable     NSE 4%     RNE 4%     NSE 8%     RNE 8%    NSE 15%    RNE 15% 
1             0.012      0.010      0.012      0.010      0.011      0.013 
2             1.402      0.006      1.589      0.004      1.475      0.005 
3             2.084      0.009      1.388      0.021      1.251      0.025 
4             0.885      0.007      0.855      0.007      0.829      0.007 
5             0.285      0.006      0.286      0.006      0.271      0.007 
6             0.083      0.010      0.067      0.016      0.051      0.027 
7             0.070      0.005      0.074      0.005      0.053      0.009 
8             0.107      0.012      0.049      0.056      0.046      0.064 

---------------------------------------------------------------------------
 CHAIN 7 USING 4001 SAMPLES

A. AUTOCORRELATION 
Variable      Lag 1      Lag 5     Lag 10     Lag 25 
1             0.991      0.957      0.917      0.803 
2             0.991      0.957      0.916      0.791 
3             0.984      0.920      0.849      0.665 
4             0.987      0.938      0.879      0.739 
5             0.981      0.912      0.839      0.639 
6             0.989      0.949      0.902      0.758 
7             0.985      0.928      0.861      0.672 
8             0.987      0.938      0.877      0.735 

B. RAFTERY-LEWIS DIAGNOSTIC (q = 0.03, r = 0.01, s = 0.95)
Variable       Thin       Burn          N       Nmin     I-stat 
1                 1        785     251582        937    268.497 
2                 1        785     251582        937    268.497 
3                 1        785     251582        937    268.497 
4                 1        785     251582        937    268.497 
5                 1        785     251582        937    268.497 
6                 1        785     251582        937    268.497 
7                 1        785     251582        937    268.497 
8                 1        785     251582        937    268.497 

C. GEWEKE DIAGNOSTIC
Variable       Mean    std dev    NSE iid    RNE iid 
1             2.317      0.095      0.002      1.000 
2            50.164      7.944      0.126      1.000 
3           140.430     10.780      0.170      1.000 
4            92.157      4.632      0.073      1.000 
5             5.647      0.889      0.014      1.000 
6             3.134      0.537      0.008      1.000 
7             6.851      0.267      0.004      1.000 
8            61.101      0.732      0.012      1.000 

Variable     NSE 4%     RNE 4%     NSE 8%     RNE 8%    NSE 15%    RNE 15% 
1             0.021      0.005      0.015      0.011      0.011      0.020 
2             1.839      0.005      1.578      0.006      1.184      0.011 
3             1.314      0.017      0.750      0.052      0.594      0.082 
4             0.517      0.020      0.494      0.022      0.422      0.030 
5             0.122      0.013      0.104      0.018      0.063      0.050 
6             0.100      0.007      0.066      0.016      0.046      0.034 
7             0.041      0.010      0.035      0.015      0.024      0.032 
8             0.124      0.009      0.078      0.022      0.073      0.025 

---------------------------------------------------------------------------
 CHAIN 8 USING 4001 SAMPLES

A. AUTOCORRELATION 
Variable      Lag 1      Lag 5     Lag 10     Lag 25 
1             0.990      0.956      0.914      0.775 
2             0.992      0.960      0.920      0.802 
3             0.983      0.919      0.844      0.643 
4             0.983      0.920      0.847      0.638 
5             0.989      0.946      0.894      0.736 
6             0.986      0.927      0.853      0.678 
7             0.985      0.930      0.869      0.700 
8             0.986      0.933      0.867      0.673 

B. RAFTERY-LEWIS DIAGNOSTIC (q = 0.03, r = 0.01, s = 0.95)
Variable       Thin       Burn          N       Nmin     I-stat 
1                 1        176      51251        937     54.697 
2                 1        176      51251        937     54.697 
3                 1        176      51251        937     54.697 
4                 1        176      51251        937     54.697 
5                 1        176      51251        937     54.697 
6                 1        176      51251        937     54.697 
7                 1        176      51251        937     54.697 
8                 1        176      51251        937     54.697 

C. GEWEKE DIAGNOSTIC
Variable       Mean    std dev    NSE iid    RNE iid 
1             2.324      0.085      0.001      1.000 
2            49.879      7.585      0.120      1.000 
3           141.486     10.596      0.168      1.000 
4            91.201      4.790      0.076      1.000 
5             5.320      1.113      0.018      1.000 
6             3.184      0.420      0.007      1.000 
7             6.868      0.284      0.004      1.000 
8            61.126      0.788      0.012      1.000 

Variable     NSE 4%     RNE 4%     NSE 8%     RNE 8%    NSE 15%    RNE 15% 
1             0.015      0.008      0.011      0.014      0.008      0.026 
2             1.498      0.006      1.202      0.010      0.811      0.022 
3             1.787      0.009      1.861      0.008      1.793      0.009 
4             0.445      0.029      0.425      0.032      0.303      0.063 
5             0.190      0.009      0.190      0.009      0.176      0.010 
6             0.056      0.014      0.029      0.054      0.027      0.059 
7             0.040      0.013      0.037      0.015      0.028      0.025 
8             0.131      0.009      0.129      0.009      0.116      0.012 

====================== End DREAM_ZS diagnostics file ======================
